 505.0 510.0 515.0 520.0 525.0 530.0 535.0 540.0 545.0 550.0 555.0
0 5.25 4.16 2.68 5.23 9.73 13.78 13.78 13.78 18.28 18.28 18.28 
0 5.28 4.29 1.92 0.00 7.24 11.74 16.24 16.24 16.24 20.47 20.47 
0 4.92 3.91 2.24 0.00 8.66 13.16 13.16 17.66 17.66 17.66 22.16 
0 4.88 3.72 2.18 0.00 7.91 12.33 12.33 16.83 16.83 16.83 21.33 
0 4.80 3.14 2.10 0.00 8.87 13.37 13.37 17.87 17.87 17.87 21.96 
0 5.61 4.16 2.40 6.05 10.55 10.55 15.05 15.05 19.55 19.55 19.55 
0 5.57 4.38 2.92 0.00 8.87 13.37 13.37 17.87 17.87 17.87 22.37 
0 5.51 4.09 2.89 6.76 11.26 11.26 15.76 15.76 15.76 20.26 20.26 
0 4.50 3.19 2.24 5.04 9.54 14.04 14.04 14.04 18.54 18.54 18.54 
0 5.02 4.00 2.29 0.00 7.33 11.83 16.33 16.33 16.33 20.83 20.83 
0 4.93 3.52 2.16 0.00 7.40 11.19 15.51 15.51 15.51 20.01 20.01 
0 4.41 3.40 2.01 5.88 10.15 10.15 14.65 14.65 19.15 19.15 19.15 
0 5.61 4.69 3.22 0.00 8.35 12.85 12.85 17.35 17.35 17.35 21.85 
0 5.49 4.48 2.78 6.00 10.50 10.50 15.00 15.00 19.50 19.50 19.50 
0 5.34 3.92 2.73 0.00 9.19 13.69 13.69 17.93 17.93 17.93 17.93 
0 4.97 3.92 2.58 6.24 10.74 10.74 15.24 15.24 19.04 19.04 19.04 
0 6.76 5.03 3.27 0.00 8.72 13.22 13.22 17.05 17.05 17.05 21.44 
0 4.82 3.33 2.18 0.00 8.85 13.33 13.33 17.83 17.83 17.83 22.33 
0 5.13 3.70 2.16 5.82 10.07 10.07 14.47 14.47 18.97 18.97 18.97 
0 5.33 3.94 2.24 0.00 8.23 12.73 12.73 16.98 16.98 16.98 21.43 
0 5.45 4.16 2.44 5.44 9.94 9.94 14.44 14.44 18.94 18.94 18.94 
0 4.97 3.69 2.71 5.89 10.39 10.39 14.61 14.61 19.11 19.11 19.11 
0 5.86 4.91 3.32 5.24 9.72 9.72 14.22 14.22 18.52 18.52 18.52 
0 5.49 4.46 2.88 4.53 9.03 13.45 13.45 17.44 17.44 17.44 17.44 
0 4.75 3.49 2.36 6.14 10.64 10.64 15.14 15.14 15.14 19.64 19.64 
0 5.80 4.39 2.67 5.45 9.95 14.45 14.45 14.45 18.95 18.95 18.95 
0 6.07 4.80 3.01 0.00 7.94 12.31 12.31 16.51 16.51 16.51 20.36 
0 4.83 3.62 2.49 0.00 7.90 12.40 12.40 16.82 16.82 16.82 21.17 
0 6.32 4.73 3.45 0.00 8.43 12.93 12.93 17.43 17.43 17.43 21.93 
0 5.75 4.05 2.60 5.10 9.60 14.10 14.10 14.10 18.60 18.60 18.60 
0 5.83 4.63 2.83 0.00 6.99 11.49 15.74 15.74 15.74 20.24 20.24 
0 5.90 4.92 1.76 0.00 9.02 13.52 13.52 18.02 18.02 18.02 18.02 
0 5.52 4.49 2.79 4.96 9.46 13.96 13.96 13.96 18.46 18.46 18.46 
0 4.73 3.37 2.47 4.97 9.47 13.97 13.97 13.97 18.47 18.47 18.47 
0 4.90 3.86 2.48 6.16 10.66 10.66 15.16 15.16 15.16 19.41 19.41 
0 5.76 4.36 2.70 0.00 8.90 13.40 13.40 17.90 17.90 17.90 22.40 
0 5.72 4.25 2.85 6.15 10.65 10.65 14.80 14.80 18.55 18.55 18.55 
0 5.91 4.22 2.94 5.33 9.83 14.32 14.32 14.32 18.82 18.82 18.82 
0 6.48 4.89 3.17 0.00 7.58 12.08 12.08 16.53 16.53 16.53 21.03 
0 5.60 3.98 2.38 0.00 8.19 12.69 12.69 17.19 17.19 17.19 21.61 
0 4.86 3.58 2.40 0.00 9.49 13.99 13.99 13.99 18.49 18.49 18.49 
0 5.71 4.19 2.75 4.11 8.61 13.11 13.11 17.61 17.61 17.61 22.06 
0 5.56 4.27 2.50 6.25 10.06 10.06 14.07 14.07 18.57 18.57 18.57 
0 5.04 3.93 2.96 0.00 7.62 11.96 11.96 16.46 16.46 20.96 20.96 
0 5.14 3.56 2.59 5.78 10.28 10.28 14.78 14.78 19.28 19.28 19.28 
0 5.90 4.57 2.94 4.54 9.04 13.54 13.54 13.54 18.04 18.04 18.04 
0 4.93 3.72 2.21 0.00 8.17 12.67 12.67 17.17 17.17 17.17 21.59 
0 5.69 4.03 2.50 6.42 10.92 10.92 15.42 15.42 15.42 19.92 19.92 
0 5.01 3.88 2.90 0.00 8.37 12.87 12.87 17.37 17.37 17.37 21.87 
0 5.26 4.05 2.15 0.00 8.57 12.15 12.15 16.65 16.65 16.65 21.15 
0 5.36 4.22 1.89 0.00 7.25 11.75 11.75 16.25 16.25 20.75 20.75 
0 4.91 3.67 2.33 0.00 8.61 12.60 12.60 17.10 17.10 17.10 21.60 
0 4.41 3.38 2.12 0.00 7.33 11.83 16.33 16.33 16.33 20.83 20.83 
0 6.17 4.58 2.99 0.00 8.33 12.64 12.64 17.14 17.14 17.14 21.49 
0 5.43 4.39 2.92 4.19 8.69 13.19 13.19 17.69 17.69 17.69 22.16 
0 5.72 4.39 3.39 6.07 10.57 10.57 15.07 15.07 15.07 18.72 18.72 
0 5.06 4.07 2.65 5.66 10.16 10.16 14.66 14.66 18.75 18.75 18.75 
0 6.24 4.51 2.79 5.96 10.07 10.07 14.57 14.57 19.07 19.07 19.07 
0 5.92 4.81 3.12 6.91 11.41 11.41 15.80 15.80 15.80 20.30 20.30 
0 5.31 3.64 2.61 5.67 10.17 10.17 14.67 14.67 19.17 19.17 19.17 
0 5.76 4.39 3.05 0.00 8.75 13.25 13.25 17.69 17.69 17.69 22.19 
0 4.96 3.51 2.14 6.27 10.77 10.77 15.27 15.27 15.27 19.77 19.77 
0 5.56 4.08 2.45 0.00 8.44 12.94 12.94 17.44 17.44 17.44 21.94 
0 5.22 4.10 2.57 5.67 10.17 10.17 14.34 14.34 18.84 18.84 18.84 
0 4.68 3.72 2.41 0.00 7.59 12.00 12.00 16.45 16.45 20.95 20.95 
0 4.98 4.01 2.41 5.74 10.24 10.24 13.65 13.65 18.10 18.10 18.10 
0 5.68 4.06 3.09 0.00 7.91 11.33 11.33 15.83 15.83 20.33 20.33 
0 5.91 4.82 3.06 5.18 9.68 13.99 13.99 13.99 18.45 18.45 18.45 
0 5.54 4.07 3.11 0.00 8.41 12.73 12.73 17.23 17.23 17.23 21.33 
0 6.17 4.41 3.13 0.00 7.82 12.32 12.32 16.82 16.82 16.82 21.32 
0 5.19 5.19 1.77 0.00 7.69 12.01 12.01 16.16 16.16 20.50 20.50 
0 6.37 5.06 3.30 0.00 8.58 13.08 13.08 17.07 17.07 17.07 21.56 
0 4.67 3.68 2.51 0.00 9.46 13.83 13.83 13.83 18.08 18.08 18.08 
0 4.74 3.75 2.63 0.00 10.71 10.71 15.15 15.15 15.15 19.65 19.65 
0 4.33 3.24 2.26 0.00 9.18 13.68 13.68 18.18 18.18 18.18 18.18 
0 5.59 4.66 3.24 3.33 7.83 12.01 12.01 16.38 16.38 16.38 20.88 
0 5.49 4.45 2.72 0.00 8.07 12.09 12.09 16.59 16.59 16.59 21.09 
0 5.06 4.15 2.36 4.66 9.16 13.20 13.20 17.70 17.70 17.70 17.70 
0 4.79 3.60 2.03 0.00 8.19 12.69 12.69 16.91 16.91 16.91 21.41 
0 5.96 4.41 2.74 6.42 10.92 10.92 15.40 15.40 15.40 19.55 19.55 
0 6.21 4.60 3.31 5.81 9.99 9.99 14.49 14.49 18.76 18.76 18.76 
0 5.53 4.01 3.11 0.00 9.24 13.67 13.67 18.17 18.17 18.17 18.17 
0 4.95 3.98 2.68 0.00 7.87 12.37 12.37 16.87 16.87 16.87 20.96 
0 6.22 4.45 2.78 0.00 10.72 10.72 15.07 15.07 15.07 19.57 19.57 
0 4.95 4.01 2.36 5.10 9.60 14.10 14.10 14.10 18.17 18.17 18.17 
0 5.15 3.63 2.69 0.00 9.21 13.71 13.71 18.21 18.21 18.21 18.21 
0 4.85 3.58 2.43 0.00 10.97 10.97 15.47 15.47 15.47 19.64 19.64 
0 5.12 4.05 2.47 6.87 10.94 10.94 15.17 15.17 15.17 19.67 19.67 
0 5.70 4.10 2.54 6.15 10.65 10.65 15.15 15.15 19.57 19.57 19.57 
0 6.34 4.91 3.22 4.83 9.26 13.76 13.76 13.76 18.26 18.26 18.26 
0 5.62 4.43 2.66 0.00 8.98 13.48 13.48 17.51 17.51 17.51 21.86 
0 5.50 4.39 2.86 0.00 6.84 10.83 15.33 15.33 15.33 19.65 19.65 
0 4.79 3.48 2.03 5.47 9.97 9.97 14.47 14.47 18.97 18.97 18.97 
0 5.11 4.16 2.93 5.43 9.93 14.43 14.43 14.43 18.93 18.93 18.93 
0 6.08 4.74 2.98 5.79 10.29 10.29 14.79 14.79 18.63 18.63 18.63 
0 5.07 4.06 2.32 0.00 8.52 12.58 12.58 17.08 17.08 17.08 21.58 
0 5.75 4.46 3.07 5.15 9.61 9.61 14.11 14.11 18.61 18.61 18.61 
0 5.97 4.17 3.04 5.37 9.87 14.13 14.13 14.13 18.53 18.53 18.53 
0 5.48 4.35 2.59 5.57 9.63 9.63 14.07 14.07 18.37 18.37 18.37 
0 5.38 3.62 2.46 6.11 10.56 10.56 15.06 15.06 19.34 19.34 19.34 
