 29.34  29.34  29.34  29.33  29.33  29.33  29.34  29.33  29.33  29.32  29.32 
 35.45  35.46  35.47  35.47  35.46  35.47  35.46  35.45  35.47  35.37  35.18 
 37.17  36.94  36.73  36.59  36.41  36.21  36.00  35.86  35.68  35.45  35.25 
 36.70  36.49  36.36  36.17  35.96  35.77  35.58  35.43  35.24  35.05  35.08 
 37.07  36.85  36.72  36.51  36.31  36.08  35.96  35.72  35.51  35.33  35.26 
 37.08  36.94  36.74  36.51  36.37  36.18  36.00  35.78  35.58  35.46  35.28 
 37.23  37.01  36.90  36.66  36.45  36.25  36.09  35.89  35.66  35.45  35.24 
 34.04  33.85  33.63  34.16  34.87  35.11  35.11  35.11  35.11  35.11  35.11 
 37.12  36.92  36.73  36.53  36.41  36.21  36.01  35.81  35.67  35.46  35.26 
 33.44  33.44  33.44  33.44  33.43  33.43  33.45  33.44  33.44  33.44  33.44 
 36.99  36.85  36.65  36.47  36.28  36.14  35.94  35.74  35.54  35.35  35.20 
 36.85  36.71  36.51  36.30  36.17  35.98  35.76  35.57  35.38  35.23  35.03 
 36.37  36.37  36.37  36.38  36.35  36.11  35.91  35.68  35.48  35.36  35.14 
 37.19  37.00  36.85  36.64  36.43  36.30  36.11  35.91  35.70  35.50  35.38 
 36.84  36.72  36.51  36.30  36.10  35.96  35.77  35.56  35.36  35.16  34.97 
 37.16  37.02  36.83  36.61  36.41  36.28  36.06  35.85  35.63  35.42  35.29 
 37.16  36.95  36.75  36.60  36.40  36.20  36.00  35.84  35.64  35.42  35.23 
 37.16  36.93  36.79  36.58  36.38  36.14  36.01  35.81  35.64  35.45  35.33 
 37.22  37.03  36.82  36.68  36.49  36.30  36.08  35.94  35.72  35.52  35.35 
 35.64  35.46  36.04  36.34  36.21  36.03  35.83  35.61  35.49  35.30  35.12 
 37.08  36.89  36.69  36.57  36.38  36.17  35.97  35.84  35.67  35.46  35.25 
 37.10  36.90  36.74  36.53  36.33  36.14  35.98  35.78  35.58  35.36  35.17 
 32.13  31.95  31.73  32.22  32.89  33.01  33.01  33.02  33.01  33.02  33.03 
 34.90  34.89  34.90  34.90  34.89  34.89  34.89  34.89  34.90  34.88  34.89 
 35.46  35.26  35.05  34.84  34.66  35.18  35.65  36.06  35.85  35.64  35.45 
 37.05  36.91  36.73  36.52  36.37  36.14  35.91  35.70  35.46  35.34  35.15 
 33.53  34.37  35.72  36.37  36.16  36.03  35.84  35.64  35.42  35.24  35.09 
 36.92  36.76  36.58  36.39  36.18  36.06  35.84  35.65  35.45  35.25  35.11 
 37.19  37.05  36.82  36.62  36.48  36.29  36.08  35.86  35.72  35.52  35.32 
 37.23  37.02  36.89  36.71  36.49  36.37  36.16  35.96  35.75  35.53  35.40 
 36.97  36.82  36.62  36.41  36.21  36.09  35.88  35.64  35.43  35.20  34.99 
 34.99  34.79  34.65  34.43  34.23  34.96  35.73  35.84  35.66  35.52  35.30 
 37.30  37.09  36.88  36.66  36.53  36.30  36.10  35.90  35.74  35.54  35.35 
 37.02  36.80  36.60  36.46  36.25  36.06  35.85  35.66  35.54  35.32  35.11 
 36.93  36.71  36.52  36.30  36.15  35.95  35.74  35.52  35.35  35.16  34.95 
 33.70  33.49  33.26  33.39  34.15  34.94  35.78  35.56  35.38  35.16  34.94 
 37.04  36.85  36.66  36.46  36.35  36.14  35.93  35.72  35.58  35.38  35.17 
 34.18  34.17  34.17  34.18  34.16  34.17  34.17  34.04  34.17  34.17  34.18 
 36.92  36.75  36.62  36.40  36.18  36.01  35.87  35.68  35.47  35.26  35.06 
 37.26  37.05  36.82  36.67  36.49  36.32  36.13  35.98  35.76  35.56  35.36 
 37.22  37.07  36.86  36.66  36.53  36.34  36.12  35.90  35.69  35.57  35.38 
 36.76  36.76  36.77  36.60  36.45  36.25  36.06  35.83  35.64  35.48  35.27 
 37.08  36.94  36.75  36.57  36.44  36.25  36.03  35.83  35.63  35.50  35.29 
 37.25  37.06  36.87  36.73  36.54  36.33  36.15  36.00  35.77  35.55  35.34 
 34.03  34.09  35.44  36.34  36.39  36.20  36.00  35.85  35.67  35.47  35.30 
 34.77  34.70  34.64  34.59  34.53  34.47  34.41  34.37  34.34  34.32  34.29 
 26.41  26.93  28.73  30.08  30.08  30.09  30.08  30.09  30.08  30.09  30.08 
 37.08  36.88  36.67  36.54  36.32  36.15  35.95  35.83  35.62  35.42  35.23 
 37.08  36.88  36.74  36.54  36.35  36.16  36.02  35.81  35.62  35.41  35.21 
 37.03  36.89  36.72  36.50  36.35  36.16  35.93  35.72  35.51  35.37  35.15 
 37.19  36.98  36.81  36.70  36.49  36.30  36.10  35.97  35.73  35.54  35.30 
 37.22  37.03  36.81  36.65  36.42  36.22  36.04  35.92  35.70  35.50  35.30 
 37.15  36.96  36.84  36.65  36.44  36.31  36.13  35.90  35.69  35.50  35.35 
 35.74  35.75  35.74  35.75  35.74  35.75  35.75  35.75  35.70  35.52  35.38 
 37.26  37.04  36.90  36.70  36.48  36.27  36.15  35.94  35.74  35.54  35.37 
 37.04  36.93  36.72  36.52  36.39  36.18  35.99  35.82  35.61  35.45  35.24 
 37.25  37.04  36.89  36.69  36.48  36.34  36.13  35.94  35.76  35.54  35.40 
 33.28  33.28  33.30  33.29  33.28  33.28  33.28  33.29  33.28  33.27  33.29 
 37.26  37.06  36.93  36.72  36.51  36.31  36.19  35.98  35.76  35.56  35.41 
 37.20  36.99  36.86  36.66  36.48  36.28  36.15  35.96  35.74  35.56  35.43 
 37.15  36.94  36.82  36.64  36.45  36.27  36.12  35.93  35.73  35.55  35.44 
 36.91  36.69  36.46  36.30  36.10  35.89  35.67  35.48  35.31  35.13  35.17 
 37.11  36.91  36.81  36.57  36.35  36.13  35.98  35.79  35.59  35.37  35.19 
 36.98  36.83  36.64  36.43  36.28  36.05  35.84  35.65  35.43  35.31  35.10 
 36.63  36.64  36.57  36.37  36.17  35.97  35.85  35.62  35.40  35.19  34.98 
 37.23  37.00  36.81  36.69  36.50  36.29  36.09  35.94  35.74  35.54  35.32 
 36.24  36.25  36.24  36.24  36.25  36.19  35.97  35.77  35.64  35.45  35.25 
 37.08  36.94  36.73  36.52  36.32  36.17  35.96  35.76  35.57  35.42  35.22 
 37.47  37.25  37.11  36.87  36.65  36.43  36.27  36.05  35.84  35.64  35.48 
 36.84  36.83  36.60  36.43  36.21  36.06  35.86  35.65  35.43  35.23  35.11 
 34.78  34.86  35.43  35.66  35.65  35.66  35.67  35.66  35.67  35.45  35.24 
 37.06  36.86  36.66  36.54  36.35  36.13  35.93  35.81  35.57  35.36  35.16 
 37.10  36.90  36.76  36.57  36.37  36.18  36.05  35.83  35.61  35.43  35.23 
 31.33  31.64  32.99  34.34  35.69  36.01  35.82  35.62  35.49  35.30  35.08 
 31.03  31.01  32.36  33.71  34.63  34.62  34.62  34.63  34.63  34.62  34.63 
 36.22  36.02  35.83  35.68  35.46  35.26  35.05  34.85  34.78  35.30  35.17 
 37.18  36.98  36.84  36.64  36.44  36.21  36.08  35.85  35.63  35.40  35.16 
 37.06  36.91  36.70  36.48  36.29  36.16  35.97  35.77  35.55  35.40  35.20 
 34.99  34.98  34.98  34.99  34.99  34.99  34.98  34.98  34.99  34.98  34.99 
 30.26  31.08  32.43  33.09  33.08  33.10  33.09  33.09  33.10  33.10  33.09 
 35.62  35.40  35.99  36.30  36.17  35.99  35.78  35.56  35.34  35.21  35.02 
 36.95  36.72  36.51  36.39  36.17  35.99  35.78  35.64  35.41  35.35  35.17 
 36.05  36.06  36.04  36.04  36.04  36.04  36.02  35.78  35.64  35.41  35.19 
 34.90  34.91  34.89  34.90  34.89  34.91  34.91  34.90  34.91  34.90  34.91 
 33.64  33.64  33.63  33.64  33.65  33.64  33.64  33.63  33.63  33.63  33.65 
 37.20  37.00  36.88  36.69  36.49  36.27  36.15  35.95  35.76  35.59  35.44 
 37.31  37.13  36.99  36.78  36.60  36.37  36.23  36.03  35.82  35.61  35.41 
 37.13  36.92  36.80  36.57  36.35  36.19  35.96  35.73  35.53  35.32  35.19 
 37.14  36.98  36.84  36.63  36.43  36.24  36.12  35.93  35.73  35.54  35.34 
 37.08  36.89  36.67  36.48  36.35  36.15  35.96  35.74  35.62  35.40  35.21 
 37.01  36.79  36.60  36.40  36.28  36.07  35.85  35.66  35.52  35.28  35.05 
 37.17  37.02  36.80  36.61  36.41  36.28  36.06  35.89  35.68  35.55  35.33 
 37.05  36.83  36.70  36.52  36.31  36.09  35.97  35.77  35.61  35.39  35.17 
 32.88  32.88  32.87  32.87  32.86  32.86  32.87  32.86  32.86  32.86  32.87 
 37.27  37.06  36.92  36.72  36.49  36.34  36.14  35.93  35.74  35.56  35.42 
 35.28  35.10  34.90  34.68  35.07  35.54  36.11  35.91  35.69  35.47  35.33 
 37.03  36.83  36.64  36.47  36.28  36.09  35.87  35.72  35.53  35.33  35.13 
 37.28  37.07  36.85  36.63  36.51  36.29  36.11  35.92  35.80  35.63  35.41 
 32.80  32.87  34.22  35.57  36.38  36.25  36.05  35.84  35.64  35.50  35.30 
 32.08  32.64  33.99  35.13  35.12  35.12  35.13  35.12  35.12  35.13  35.13 
 37.07  37.07  36.93  36.72  36.51  36.38  36.18  36.01  35.82  35.58  35.45 
 37.01  36.80  36.69  36.47  36.27  36.07  35.96  35.78  35.58  35.36  35.16 
 33.42  33.43  33.41  33.41  33.43  33.42  33.42  33.41  33.42  33.41  33.41 
 37.03  36.81  36.58  36.45  36.25  36.03  35.85  35.73  35.56  35.36  35.17 
 37.24  37.03  36.86  36.68  36.49  36.25  36.09  35.89  35.69  35.50  35.29 
 37.16  36.94  36.79  36.58  36.39  36.27  36.09  35.90  35.68  35.47  35.33 
 35.44  35.42  35.43  35.44  35.43  35.42  35.43  35.42  35.42  35.42  35.29 
 37.03  36.79  36.59  36.37  36.24  36.03  35.82  35.63  35.49  35.31  35.12 
 33.23  33.24  33.23  33.23  33.24  33.23  33.24  33.24  33.24  33.22  33.24 
 36.94  36.73  36.53  36.39  36.19  35.99  35.77  35.63  35.42  35.20  34.98 
